PD evaulate for inner err
DIPS does not pay a dividend, most likely.
index -1 is out of bounds for axis 0 with size 0
   Ticker  currentPrice  idealPriceCeiling  currentValuation      divGR  currentDiv  currentYield
23   FIAT         19.57         567.600000          0.861963        NaN   22.704000    116.014308
11   MSTY         23.48         582.300000          1.008071 -35.777691   23.292000     99.199319
7    TSLY         13.73         263.213204          1.304076  -8.732573   10.528528     76.682652
2    CONY         16.23         301.800000          1.344433  -9.123842   12.072000     74.380776
22   CRSH         15.04         254.100000          1.479732  -5.370667   10.164000     67.579787
6    NVDY         25.16         401.862323          1.565213   7.568733   16.074493     63.889081
13   YBIT         14.44         201.300000          1.793343 -44.746302    8.052000     55.761773
5     FBY         18.88         231.016994          2.043140  25.144877    9.240680     48.944278
12   NFLY         16.73         172.200000          2.428862   7.080320    6.888000     41.171548
9    YMAX         17.82         177.300000          2.512690   4.078620    7.092000     39.797980
24   GDXY         18.32         173.700000          2.636730 -37.176066    6.948000     37.925764
10   YMAG         18.96         172.800000          2.743056   9.993614    6.912000     36.455696
25   BITO         19.45         172.686200          2.815801  36.838342    6.907448     35.513871
1    AMZY         19.33         166.397960          2.904182  -6.576368    6.655918     34.433101
4    GOOY         15.52         104.934833          3.697533   7.130190    4.197393     27.045060
8    FEPI         51.36         326.700000          3.930211  -0.953580   13.068000     25.443925
3    APLY         17.85         110.878342          4.024681  -7.140957    4.435134     24.846687
0    MSFO         19.87         121.500000          4.088477   6.553894    4.860000     24.458983
14   SVOL         22.54          91.184913          6.179750   1.363475    3.647397     16.181883
15   QQQI         50.99         185.700000          6.864567   1.866777    7.428000     14.567562
16   IWMI         50.13         180.600000          6.939369  16.234997    7.224000     14.410533
17   SPYI         50.69         148.686219          8.522982   1.204566    5.947449     11.732982
20   GPIQ         46.77         123.000000          9.506098   3.388461    4.920000     10.519564
19   JEPQ         53.45         122.400500         10.917031   1.786676    4.896020      9.160000
21   GPIX         47.69         101.400000         11.757890   3.614634    4.056000      8.504928
18   JEPI         57.61         103.561345         13.907216  -0.996030    4.142454      7.190512
DDM etf evaulate for inner err
DIPS does not pay a dividend, most likely.
index -1 is out of bounds for axis 0 with size 0
   Ticker  CurrentPrice  ExpectedMinReturnAtThisPrice  5%TargetPrice  10%TargetPrice  15%TargetPrice  20%TargetPrice  30%TargetPrice  40%TargetPrice  50%TargetPrice
25   BITO         19.45                            50     -40.624010      -48.192289      -59.226160      -76.812856     -189.139588      409.089452       98.270375
10   YMAG         18.96                            50    -167.464856   130957.262150      167.037649       83.572123       41.799399       27.869231       20.903035
2    CONY         16.23                            50      70.587254       52.131953       41.326884       34.231858       25.482243       20.294895       16.862288
22   CRSH         15.04                            50      87.762611       59.213879       44.679774       35.874374       25.731966       20.060468       16.437526
5     FBY         18.88                            50     -71.839857      -95.557401     -142.653785     -281.290524      298.077917       97.421275       58.225623
6    NVDY         25.16                            50    -724.086486      765.026907      250.291738      149.621494       82.919291       57.351591       43.835240
7    TSLY         13.73                            50      63.862712       46.816812       36.953404       30.522827       22.642424       17.996164       14.932078
12   NFLY         16.73                            50    -379.649119      270.506148       99.725173       61.130885       34.459097       23.991469       18.401617
9    YMAX         17.82                            40     833.783256      129.738501       70.341929       48.251529       29.636961       21.386454       16.729265
16   IWMI         50.13                            30     -86.871754     -156.536386     -790.288448      259.230582       70.904736       41.068958       28.905785
0    MSFO         19.87                            30    -355.102354      160.120257       65.330862       41.037263       23.534458       16.497926       12.700595
4    GOOY         15.52                            30    -226.144009      167.861177       61.212366       37.430987       21.064001       14.655688       11.237038
8    FEPI         51.36                            20     215.331946      117.038996       80.357890       61.182673       41.416729       31.303638       25.160078
1    AMZY         19.33                            20      50.182138       35.045487       26.924221       21.858777       15.882575       12.472568       10.268013
14   SVOL         22.54                            15     103.052710       43.391728       27.481616       20.108563       13.086565        9.699468        7.705191
15   QQQI         50.99                            15     246.005981       94.770751       58.690214       42.507152       27.397916       20.213127       16.013714
17   SPYI         50.69                            10     160.497932       69.258588       44.156592       32.409965       21.154720       15.701831       12.483942
19   JEPQ         53.45                            10     157.859405       61.759826       38.389543       27.850681       17.979217       13.274257       10.521023
20   GPIQ         46.77                            10     326.338510       79.543859       45.291786       31.659158       19.762380       14.364524       11.282772
21   GPIX         47.69                            10     314.322613       68.195285       38.246627       26.575656       16.503537       11.967774        9.387699
3    APLY         17.85                            10      31.499395       22.311053       17.272641       14.090616       10.296794        8.112538        6.692796
11   MSTY         23.48                             5      23.558953       20.985762       18.919327       17.223368       14.604947       12.677606       11.199645
18   JEPI         57.61                             5      67.717213       36.925549       25.383451       19.338630       13.099563        9.904238        7.962080
23   FIAT         19.57                             0            NaN             NaN             NaN             NaN             NaN             NaN             NaN
24   GDXY         18.32                             0       6.501956        5.812840        5.255799        4.796184        4.082212        3.553264        3.145667
13   YBIT         14.44                             0       4.941578        4.490262        4.114485        3.796746        3.288795        2.900719        2.594563
