PD evaulate for inner err
PLTR does not pay a dividend, most likely.
'dividendRate'
PD evaulate for inner err
SMCI does not pay a dividend, most likely.
'dividendRate'
   Ticker  currentPrice  idealPriceCeiling  currentValuation       divGR  currentDiv  currentYield
23   HTGC         18.60              48.00          9.687500   11.954105        1.92     10.322581
25   CSWC         25.09              64.00          9.800781         NaN        2.56     10.203268
24   TSLX         21.14              52.75         10.018957  -20.270459        2.11      9.981079
21   ARCC         20.57              48.00         10.713542    2.733421        1.92      9.333982
4     BTI         39.03              74.25         13.141414    7.444239        2.97      7.609531
5      MO         54.13             102.00         13.267157    7.203517        4.08      7.537410
78     VZ         42.73              67.75         15.767528    2.586280        2.71      6.342148
75      F         10.66              15.00         17.766667   14.315109        0.60      5.628518
45    CCI        117.54             156.50         18.776358    8.683171        6.26      5.325847
79      T         21.50              27.75         19.369369    2.157714        1.11      5.162791
47      O         62.86              79.00         19.892405    2.821127        3.16      5.027044
56    NSA         46.81              56.00         20.897321   11.166826        2.24      4.785302
51    NNN         48.65              58.00         20.969828    2.961793        2.32      4.768756
12    CVX        140.30             163.00         21.518405    6.242237        6.52      4.647185
54    ADC         76.33              75.00         25.443333    4.587622        3.00      3.930303
18     MS         98.18              92.50         26.535135   17.606352        3.70      3.768588
53   STAG         39.54              37.00         26.716216   -0.462147        1.48      3.743045
14    PSX        127.97             115.00         27.819565   12.609659        4.60      3.594592
7    KVUE         23.20              20.50         28.292683         NaN        0.82      3.534483
10    HRL         32.40              28.25         28.672566   11.336586        1.13      3.487654
50   REXR         49.86              41.75         29.856287   13.726380        1.67      3.349378
11    XOM        115.01              95.00         30.265789    4.630759        3.80      3.304061
63   CSCO         48.70              40.00         30.437500    9.680117        1.60      3.285421
64    IBM        203.53             167.00         30.468563    8.916288        6.68      3.282071
46    DLR        149.34             122.00         30.602459    4.057466        4.88      3.267711
85     SO         89.32              72.00         31.013889    3.493040        2.88      3.224362
28   ABBV        196.42             155.00         31.680645   10.960197        6.20      3.156501
3     PEP        178.19             135.50         32.876384    6.774506        5.42      3.041697
13    EOG        120.50              91.00         33.104396   14.501993        3.64      3.020747
9     TSN         65.78              49.00         33.561224         NaN        1.96      2.979629
27    JNJ        166.61             124.00         33.590726    6.354853        4.96      2.977012
42    PLD        130.25              96.00         33.919271   10.053445        3.84      2.948177
55   TRNO         68.28              49.00         34.836735   12.273021        1.96      2.870533
43    AMT        238.53             162.00         36.810185   19.562929        6.48      2.716639
48     WY         30.27              20.00         37.837500    6.681926        0.80      2.642881
52     FR         56.44              37.00         38.135135    7.753480        1.48      2.622254
6     SYY         78.41              51.00         38.436275    4.163013        2.04      2.601709
66    TXN        201.17             130.00         38.686538   14.372670        5.20      2.584878
84    NEE         81.19              51.50         39.412621   10.205066        2.06      2.537258
8      KR         51.97              32.00         40.601562   14.059554        1.28      2.462959
73     HD        365.52             225.00         40.613333   12.522931        9.00      2.462246
19     GS        488.57             300.00         40.714167   17.568776       12.00      2.456148
72   MCHP         75.41              45.50         41.434066    1.025195        1.82      2.413473
88    ATO        133.80              80.50         41.552795    5.685937        3.22      2.406577
40    WSO        455.58             270.00         42.183333   16.175534       10.80      2.370605
74    MCD        291.29             167.00         43.606287    8.306937        6.68      2.293247
39   FAST         68.09              39.00         43.647436   12.895051        1.56      2.291085
1      PG        176.06             100.75         43.687345    7.482243        4.03      2.288992
32    LMT        576.57             315.00         45.759524   10.500326       12.60      2.185337
89    CPK        117.99              64.00         46.089844    8.756689        2.56      2.169675
22   MAIN         48.75              26.00         46.875000    9.964266        1.04      2.133333
16    JPM        216.81             115.00         47.132609   11.572023        4.60      2.121673
65   QCOM        160.77              85.00         47.285294    9.709177        3.40      2.114822
20    DFS        133.33              70.00         47.617857   16.556411        2.80      2.100053
87    AWK        146.01              76.50         47.715686    9.868292        3.06      2.095747
44   EQIX        831.80             426.00         48.814554   10.036534       17.04      2.048569
76    YUM        133.04              67.00         49.641791   12.671397        2.68      2.014432
34     GD        301.56             142.00         53.091549   10.146197        5.68      1.883539
71   NXPI        230.60             101.50         56.798030   35.183781        4.06      1.760624
30    CAT        334.04             141.00         59.226950    6.009861        5.64      1.688421
69    ADI        218.56              92.00         59.391304    9.542130        3.68      1.683748
81   STLD        110.74              46.00         60.184783   11.681113        1.84      1.661550
49   SBAC        239.83              98.00         61.181122   22.464182        3.92      1.634491
82     RS        272.37             110.00         61.902273   17.718853        4.40      1.615450
77   TSCO        272.79             110.00         61.997727   20.877589        4.40      1.612962
80    NUE        140.92              54.00         65.240741    0.950187        2.16      1.532785
60    TSM        162.78              61.75         65.902834   10.430306        2.47      1.517385
61   AVGO        140.82              53.00         66.424528   29.146302        2.12      1.505468
33     WM        208.46              75.00         69.486667    6.784685        3.00      1.439125
26    UNH        594.10             210.00         70.726190   23.203761        8.40      1.413903
31    ETN        289.38              94.00         76.962766    7.349073        3.76      1.299330
37   PCAR         94.97              30.00         79.141667    7.584504        1.20      1.263557
68   LRCX        734.31             230.00         79.816304   31.974256        9.20      1.252877
83   UFPI        112.81              33.00         85.462121   11.687335        1.32      1.170109
38    RSG        205.30              58.00         88.491379    7.759505        2.32      1.130054
35     PH        580.20             163.00         88.987730   12.636257        6.52      1.123750
0     WMT         77.34              20.75         93.180723    3.141014        0.83      1.073183
67   AMAT        177.55              40.00        110.968750    8.403995        1.60      0.901155
62   ASML        749.82             166.25        112.754887   11.290233        6.65      0.886880
70   KLAC        709.89             145.00        122.394828   15.159376        5.80      0.817028
86    CEG        174.92              35.25        124.056738  100.900343        1.41      0.806083
36   CTAS        804.72             156.00        128.961538   21.263062        6.24      0.775425
57   MSFT        405.72              75.00        135.240000   11.512707        3.00      0.739426
15      V        285.61              52.00        137.312500         NaN        2.08      0.728266
29    MCK        509.42              71.00        179.373239   10.479030        2.84      0.557497
17     MA        487.09              66.00        184.503788   14.512999        2.64      0.541994
2    COST        896.49             116.00        193.209052  -16.610309        4.64      0.517574
58   AAPL        220.91              25.00        220.910000    8.732056        1.00      0.452673
41    FIX        309.21              30.00        257.675000    8.687819        1.20      0.388086
59   NVDA        106.47               1.00       2661.750000    8.210057        0.04      0.037569
DDM evaulate for inner err
PLTR does not pay a dividend, most likely.
'dividendRate'
DDM evaulate for inner err
SMCI does not pay a dividend, most likely.
'dividendRate'
   Ticker  CurrentPrice  ExpectedMinReturnAtThisPrice  5%TargetPrice  10%TargetPrice  15%TargetPrice  20%TargetPrice  30%TargetPrice  40%TargetPrice  50%TargetPrice
86    CEG        174.92                            50      -5.934174       -6.260585       -6.624995       -7.034449       -8.026609       -9.344600      -11.180462
56    NSA         46.81                            40     -14.096749      -17.136487      -21.847566      -30.131043     -124.661703       58.326235       23.634183
54    ADC         76.33                            30     -23.397264      -31.170118      -46.676674      -92.885482       94.785665       31.381230       18.803268
61   AVGO        140.82                            30     -14.643645      -18.467789      -24.995215      -38.659324      414.186303       32.577826       16.955740
50   REXR         49.86                            30     -10.774509      -13.222054      -17.108413      -24.230479     -144.729200       36.427982       16.178009
23   HTGC         18.60                            30     -16.701592      -23.572619      -40.048592     -133.027665       36.512830       16.053297       10.288345
71   NXPI        230.60                            30     -24.581114      -29.461461      -36.759761      -48.864704     -143.129295      154.052598       50.076946
68   LRCX        734.31                            30     -59.404151      -72.920912      -94.400767     -133.818984     -811.638759      199.655361       88.894129
22   MAIN         48.75                            20      -8.368996      -11.325112      -17.510049      -38.579092       27.428973       10.117732        6.202899
75      F         10.66                            20      -8.417257      -18.170494      114.481977       13.792290        4.998930        3.052677        2.197223
36   CTAS        804.72                            20     -56.420811      -81.467645     -146.505833     -726.468610      105.022516       48.971459       31.930165
42    PLD        130.25                            20     -41.140753      -66.868581     -178.488103      266.703813       44.536166       24.296704       16.705080
40    WSO        455.58                            20    -114.282986     -183.933423     -470.967070      840.217240      127.924898       69.232877       47.458766
19     GS        488.57                            20    -131.969100     -219.149050     -645.712243      682.244820      133.429342       73.945588       51.144849
43    AMT        238.53                            20     -61.767911      -92.216855     -181.871983    -6547.013479       94.889968       47.103633       31.327292
47      O         62.86                            20     -47.564319     -114.201735      284.795275       63.375281       24.804983       15.420215       11.187510
49   SBAC        239.83                            20     -33.663245      -47.167238      -78.762955     -238.578553       78.014236       33.525728       21.350412
55   TRNO         68.28                            20     -15.176051      -20.146687      -29.959308      -58.406901       64.962812       20.873293       12.434285
21   ARCC         20.57                            20     -21.942881      -37.678946     -133.205904       86.762842       20.164802       11.408095        7.954010
26    UNH        594.10                            20     -70.043218      -96.567182     -155.422614     -397.985348      187.611125       75.912829       47.583171
18     MS         98.18                            20     -40.595123      -67.280139     -196.349717      213.797645       41.291828       22.852748       15.798047
77   TSCO        272.79                            20     -40.491112      -59.103285     -109.381800     -732.576989       70.474921       33.620301       22.075824
20    DFS        133.33                            15     -32.916025      -58.018193     -244.402754      110.463561       28.295354       16.225805       11.374112
4     BTI         39.03                            15    -140.274578      134.153671       45.377915       27.307359       15.200758       10.531613        8.056833
5      MO         54.13                            15    -212.795197      167.674125       60.142226       36.642712       20.568867       14.297199       10.956457
46    DLR        149.34                            15     -63.245311     -123.495580    -2607.815164      136.415780       43.939595       26.187264       18.651675
44   EQIX        831.80                            15    -241.600125     -529.363225     2770.493482      383.001601      140.627744       86.125303       62.069367
8      KR         51.97                            15     -18.380887      -41.019933      177.067815       28.032013       10.446549        6.419421        4.633294
83   UFPI        112.81                            15     -18.962726      -42.342720      181.771452       28.885339       10.769353        6.618461        4.777169
10    HRL         32.40                            15     -18.519217      -52.092657       64.082698       19.838815        8.332706        5.273932        3.857807
39   FAST         68.09                            15     -25.183696      -68.678087       94.456713       27.984235       11.623920        7.335434        5.358492
82     RS        272.37                            15     -47.939861      -78.993608     -224.263707      267.295373       49.648461       27.365739       18.888426
45    CCI        117.54                            15    -139.040762    -1537.547288      169.740022       80.430390       39.190160       25.906664       19.348495
73     HD        365.52                            15    -151.473786     -451.667804      460.030430      152.402897       65.201261       41.471924       30.405978
66    TXN        201.17                            15     -72.574583     -155.561167     1084.305260      120.877495       43.527434       26.542663       19.092578
13    EOG        120.50                            15     -47.616509      -93.997848    -3623.671033       99.141289       32.455129       19.403563       13.838516
17     MA        487.09                            15     -36.391172      -76.709339      710.859730       63.092609       22.353534       13.582971        9.755380
70   KLAC        709.89                            15     -75.711103     -149.083450    -4826.187257      158.900488       51.829191       30.964502       22.077031
76    YUM        133.04                            15     -44.349395     -127.357268      146.105539       46.423828       19.633539       12.449294        9.114239
14    PSX        127.97                            15     -76.655607     -223.524622      244.033383       78.930460       33.542932       21.296669       15.600901
53   STAG         39.54                            15     -20.974543      -45.927192      242.150872       33.296810       12.219052        7.482459        5.392219
74    MCD        291.29                            10    -236.953496      462.823950      117.074976       67.013254       36.121695       24.724345       18.794259
88    ATO        133.80                            10     -91.392632      480.865761       66.220929       35.558907       18.462067       12.467602        9.411707
87    AWK        146.01                            10     -73.725200   -15187.051465       74.448013       37.132992       18.543826       12.357521        9.266256
84    NEE         81.19                            10     -38.759304     -158.237152       75.982069       30.635727       13.965918        9.044524        6.687827
65   QCOM        160.77                            10     -86.900015     1407.134131       77.346660       39.766256       20.168108       13.509950       10.156842
57   MSFT        405.72                            10     -57.280714     -246.612517      106.974817       43.954241       20.178861       13.095401        9.692875
64    IBM        203.53                            10    -202.342707      731.219965      130.254711       71.495197       37.585042       25.493487       19.288233
60    TSM        162.78                            10     -55.468859     -699.997514       65.915317       31.475703       15.391802       10.186539        7.612211
69    ADI        218.56                            10     -73.483513     -381.827443      119.466797       51.652793       24.190198       15.793277       11.723728
62   ASML        749.82                            10    -130.938998     -638.362828      222.018477       94.564736       44.021757       28.688384       21.277235
63   CSCO         48.70                            10     -41.126247      601.706564       36.180430       18.650953        9.472281        6.348166        4.773715
81   STLD        110.74                            10     -34.350136     -136.514990       69.148832       27.587483       12.527898        8.104031        5.989139
89    CPK        117.99                            10     -54.002978     -382.476121       75.253532       34.256702       16.394174       10.775492        8.025096
52     FR         56.44                            10     -38.618774      448.717535       32.947530       17.101617        8.716919        5.849155        4.401209
37   PCAR         94.97                            10     -27.711520     -550.626157       30.812988       14.987154        7.392965        4.906683        3.671832
28   ABBV        196.42                            10    -126.768256     -742.664630      192.477791       85.198383       40.288260       26.381784       19.612167
29    MCK        509.42                            10     -63.266578     -723.627452       76.673706       36.408004       17.757289       11.742145        8.771027
16    JPM        216.81                            10     -87.130335     -364.258416      167.043863       67.943059       31.073543       20.142923       14.901189
32    LMT        576.57                            10    -279.710789    -3074.994964      341.913805      161.952991       78.898786       52.153139       38.949704
12    CVX        140.30                            10    -592.430680      195.845062       84.032797       53.492659       30.976794       21.800595       16.818486
34     GD        301.56                            10    -133.906289    -4713.571549      141.972805       69.933208       34.709122       23.082757       17.290899
35     PH        580.20                            10    -108.323695     -313.773470      349.948246      112.332497       47.638785       30.229330       22.138778
3     PEP        178.19                            10    -348.222606      191.574714       75.122916       46.722118       26.605380       18.597860       14.295339
1      PG        176.06                            10    -187.557394      184.911822       61.928449       37.192209       20.675373       14.317194       10.949849
48     WY         30.27                            10     -18.312789     -307.730534       20.786800       10.053838        4.946122        3.279842        2.453345
51    NNN         48.65                            10     -89.077564      138.174211       38.909518       22.642843       12.331842        8.473304        6.453922
27    JNJ        166.61                             5    -414.098802      153.915130       64.896899       41.116686       23.727626       16.675309       12.854653
11    XOM        115.01                             5    1126.658513       77.479969       40.119487       27.067611       16.398151       11.761876        9.169398
85     SO         89.32                             5    -668.967023       70.874199       33.654333       22.066187       13.067300        9.281983        7.197129
6     SYY         78.41                             5     264.447068       37.920019       20.424372       13.976058        8.566736        6.176263        4.828822
79      T         21.50                             5      42.123899       14.963805        9.097827        6.535743        4.180923        3.073533        2.429925
78     VZ         42.73                             5     144.753879       41.160994       23.991508       16.929645       10.656309        7.775188        6.120423
72   MCHP         75.41                             5      87.898368       26.761310       15.783331       11.192119        7.075649        5.173012        4.076771
30    CAT        334.04                             5    -627.638940      158.848695       70.502619       45.305363       26.420369       18.647418       14.408418
31    ETN        289.38                             5    -184.453941      163.450655       56.633106       34.250119       19.129273       13.270550       10.159117
67   AMAT        177.55                             5     -55.235926      117.808417       28.505560       16.214448        8.706370        5.950842        4.520213
33     WM        208.46                             5    -191.680353      106.393644       41.640409       25.885805       14.735491       10.299137        7.915922
38    RSG        205.30                             5     -97.626563      120.241710       37.207534       22.008993       12.113083        8.355981        6.377789
41    FIX        309.21                             5     -38.439114      108.031234       22.457612       12.531315        6.651431        4.527200        3.431349
59   NVDA        106.47                             5      -1.459091        2.616713        0.689809        0.397268        0.214951        0.147335        0.112079
58   AAPL        220.91                             5     -31.678677       93.242774       18.862103       10.492296        5.558911        3.781080        2.864853
25   CSWC         25.09                             0            NaN             NaN             NaN             NaN             NaN             NaN             NaN
24   TSLX         21.14                             0       8.629593        6.782168        5.586260        4.748884        3.653554        2.968800        2.500208
15      V        285.61                             0            NaN             NaN             NaN             NaN             NaN             NaN             NaN
80    NUE        140.92                             0      54.354189       24.323630       15.667419       11.555195        7.577478        5.637013        4.487771
9     TSN         65.78                             0            NaN             NaN             NaN             NaN             NaN             NaN             NaN
7    KVUE         23.20                             0            NaN             NaN             NaN             NaN             NaN             NaN             NaN
2    COST        896.49                             0      14.930754       12.125308       10.207373        8.813315        6.922464        5.699637        4.843968
0     WMT         77.34                             0      47.496840       12.873035        7.445491        5.237324        3.287390        2.395507        1.884291
