  Ticker  currentPrice  idealPriceCeiling  currentValuation      divGR  currentDiv  currentYield
4   YMAG         18.93              366.6          1.290917  -8.532486      14.664     77.464342
3   YMAX         17.43              265.2          1.643100 -16.504078      10.608     60.860585
1   QDTE         42.62              351.0          3.035613   0.064324      14.040     32.942281
2   RDTE         43.53              325.0          3.348462 -15.640666      13.000     29.864461
0   XDTE         52.46              262.6          4.994288   1.590458      10.504     20.022875
  Ticker  CurrentPrice  ExpectedMinReturnAtThisPrice  5%TargetPrice  10%TargetPrice  15%TargetPrice  20%TargetPrice  30%TargetPrice  40%TargetPrice  50%TargetPrice
4   YMAG         18.93                            50      90.658515       66.199165       52.133680       42.997834       31.838981       25.278637       20.959901
1   QDTE         42.62                            30     284.825588      141.490806       94.124083       70.517137       46.960917       35.201778       28.152353
0   XDTE         52.46                            20     317.954106      128.910465       80.843775       58.886745       38.158940       28.224185       22.393891
3   YMAX         17.43                            20      34.390873       27.903028       23.474549       20.259217       15.902778       13.088330       11.120281
2   RDTE         43.53                             5      44.821452       36.081146       30.193359       25.957557       20.270182       16.627131       14.094077
